10,179
10,205
10,111
10,145
10,19
11,28
11,13
11,4
8,10
96,4
96,3
96,2
96,1
96,0
95,3
95,2
95,1
95,0
94,4
94,3
94,2
94,1
94,0
93,4
93,3
93,2
93,1
93,0
92,3
92,2
92,1
92,0
20,3
20,2
20,1
19,3
19,2
19,1
12,3
12,2
12,1
11,30
11,29
11,26
11,25
11,22
11,21
11,20
11,19
11,17
11,16
11,11
11,6
11,3
11,2
11,1
10,289
10,269
10,247
10,227
10,219
10,209
10,203
10,183
10,127
10,123
10,89
10,81
18,1
10,65
18,3
10,35
10,33
10,3
10,2
14,1
10,1
9,7
14,3
9,5
9,3
13,1
9,2
13,3
9,1
8,18
8,17
8,16
8,14
8,13
8,12
8,11
8,9
8,7
8,6
8,4
8,3
8,2
8,1
3,3
3,2
3,1
2,2
2,3
2,1
0,9
0,0
105,34
105,33
105,32
